5.910000
8.820000
11.000000
12.730000
15.070000
15.990000
15.630000
15.600000
15.080000
14.920000
16.170000
16.470000
16.180000
15.870000
16.260000
15.790000
16.050000
15.630000
15.540000
16.560000
16.840000
17.340000
16.870000
17.230000
17.370000
16.870000
17.370000
17.340000
16.530000
16.690000
17.730000
17.160000
17.370000
15.710000
16.510000
16.710000
17.310000
17.710000
17.550000
17.710000
17.920000
17.370000
16.830000
16.900000
16.790000
17.580000
17.290000
16.890000
17.710000
17.160000
16.450000
17.100000
16.240000
16.340000
17.470000
17.160000
17.470000
16.950000
17.490000
17.710000
17.290000
17.790000
17.130000
17.470000
16.240000
16.730000
17.580000
17.370000
17.550000
17.500000
16.790000
16.050000
16.820000
16.580000
16.920000
16.990000
17.180000
17.500000
17.790000
16.600000
16.780000
17.210000
17.790000
17.500000
17.630000
17.210000
16.590000
16.450000
16.840000
17.080000
17.420000
17.080000
17.000000
16.450000
16.710000
16.680000
16.740000
16.840000
16.170000
17.310000
17.260000
