300.0
1 1.31 17.4
2 11.25 7.31
3 10.22 1.56
4 16.89 17.78
5 3.55 4.89
6 10.87 14.76
7 6.62 2.85
8 6.67 17.95
9 17.62 11.68
10 7.13 1.1
11 3.38 7.47
12 7.38 5.4
13 15.03 1.25
14 4.05 11.73
15 9.82 11.81
16 18.75 1.19
17 13.33 13.03
18 9.93 1.77
19 8.06 16.25
20 12.71 12.35
21 11.81 19.08
22 13.66 1.72
23 15.12 17.32
24 7.6 11.39
25 14.33 1.33
26 3.0 11.21
27 3.79 4.6
28 17.88 11.53
29 5.4 12.92
30 6.29 5.03
31 8.63 17.92
32 14.0 3.6
33 2.51 17.32
34 9.3 12.38
35 14.56 16.68
36 19.36 16.19
37 1.4 6.87
38 19.24 1.49
39 10.57 9.44
40 6.77 15.16
41 7.93 2.06
42 9.36 1.55
43 8.47 15.8
44 19.37 19.93
45 9.28 2.55
46 4.07 13.7
47 6.99 4.77
48 7.67 13.95
49 16.71 2.86
50 12.26 4.02
51 16.44 10.58
52 2.64 19.86
53 14.94 3.21
54 13.22 1.16
55 2.69 12.08
56 12.66 1.08
57 10.4 11.55
58 7.61 3.95
59 1.61 6.06
60 16.82 5.77
61 15.17 12.33
62 13.99 9.05
63 14.33 4.67
64 19.2 15.25
65 16.17 18.39
66 9.39 8.25
67 18.42 7.8
68 9.36 3.13
69 15.66 13.34
70 12.52 17.61
71 12.38 2.95
72 16.32 16.06
73 8.75 11.17
74 14.46 1.91
75 1.82 16.87
76 11.09 13.4
77 9.73 6.46
78 7.91 10.88
79 4.07 7.27
80 19.49 13.89
81 10.51 4.04
82 16.94 9.31
83 8.72 9.66
84 19.54 1.1
85 12.04 17.85
86 7.3 6.78
87 10.12 1.49
88 1.21 16.96
89 15.4 6.17
90 8.31 5.63
91 8.58 6.26
92 13.72 19.33
93 8.47 17.79
94 17.94 11.83
95 13.84 15.49
96 18.35 18.81
97 5.45 2.71
98 14.85 6.91
99 5.81 19.47
100 16.11 13.28
