30000.0
1 83.8 186.9
2 12.1 183.92
3 180.55 11.32
4 91.1 111.57
5 72.06 196.17
6 14.98 3.27
7 178.61 23.95
8 151.11 34.2
9 15.9 26.42
10 33.58 121.3
11 66.11 54.75
12 117.56 105.12
13 40.14 43.65
14 140.11 137.27
15 151.85 193.21
16 170.79 65.3
17 133.46 173.19
18 64.06 71.34
19 96.73 49.98
20 4.99 35.39
21 102.1 174.76
22 11.56 132.58
23 39.04 168.67
24 149.52 84.54
25 179.16 2.79
26 176.9 10.77
27 41.42 195.64
28 156.82 8.77
29 136.34 194.96
30 41.86 66.57
31 4.53 34.24
32 116.6 81.43
33 30.84 86.84
34 153.08 89.4
35 138.54 76.23
36 4.27 26.98
37 106.25 187.24
38 118.47 81.09
39 22.11 163.89
40 108.19 149.19
41 127.71 162.47
42 124.71 117.95
43 183.44 93.85
44 125.8 64.14
45 135.72 63.25
46 129.95 126.74
47 152.36 34.7
48 74.78 35.63
49 131.92 50.57
50 153.47 42.54
51 97.65 175.26
52 86.25 110.4
53 191.65 198.36
54 61.51 138.94
55 140.32 86.04
56 145.09 62.68
57 69.93 63.65
58 191.09 54.82
59 164.24 63.12
60 56.36 90.28
61 115.74 78.38
62 158.0 174.63
63 100.64 113.77
64 96.52 40.57
65 49.54 100.55
66 42.97 149.01
67 72.0 45.12
68 12.05 150.12
69 160.01 150.08
70 82.33 95.96
71 128.57 76.7
72 155.53 118.94
73 72.95 150.86
74 3.02 16.47
75 28.75 37.17
76 85.67 189.64
77 113.99 143.19
78 90.37 133.18
79 70.49 188.5
80 135.61 66.3
81 192.95 108.06
82 69.98 2.42
83 48.93 58.49
84 163.63 85.47
85 8.56 166.1
86 62.63 124.13
87 116.53 188.44
88 96.12 48.63
89 187.64 105.27
90 81.42 41.17
91 90.74 141.45
92 80.32 117.87
93 114.32 151.62
94 42.89 165.5
95 90.64 115.05
96 96.38 63.19
97 72.93 138.9
98 7.56 181.68
99 171.55 143.37
100 169.33 39.12
101 156.28 165.12
102 107.44 178.85
103 35.76 36.71
104 135.73 108.9
105 52.59 60.56
106 18.91 118.85
107 107.02 83.29
108 120.82 180.65
109 19.52 96.94
110 85.13 159.27
111 130.04 149.42
112 65.41 44.13
113 147.42 163.76
114 67.57 8.07
115 83.49 120.1
116 157.26 11.73
117 125.74 19.97
118 49.25 147.45
119 138.16 30.78
120 87.77 155.85
121 44.97 95.36
122 28.44 173.33
123 17.67 32.08
124 119.43 154.84
125 93.91 98.05
126 64.97 77.79
127 8.03 67.11
128 170.97 150.81
129 190.74 125.04
130 77.28 35.63
131 169.28 134.78
132 85.57 60.36
133 116.68 130.91
134 60.0 83.56
135 46.42 178.0
136 37.31 95.2
137 26.8 134.21
138 8.8 175.37
139 101.87 119.39
140 24.17 52.58
141 129.09 126.99
142 144.57 102.74
143 86.42 45.52
144 112.52 86.65
145 138.07 132.36
146 26.36 194.86
147 82.88 58.78
148 45.75 21.88
149 155.2 10.39
150 47.51 122.69
151 95.83 146.52
152 96.13 60.72
153 37.88 175.41
154 43.52 48.07
155 27.14 93.05
156 199.08 98.62
157 198.84 1.75
158 189.97 7.22
159 111.37 40.23
160 163.97 113.75
161 115.03 176.19
162 113.46 143.84
163 115.28 81.25
164 86.02 91.02
165 118.41 19.57
166 40.67 49.23
167 24.57 170.19
168 145.57 106.6
169 48.72 161.6
170 114.01 72.02
171 149.7 152.65
172 127.9 38.24
173 113.62 155.02
174 153.93 196.66
175 33.77 57.86
176 82.12 133.59
177 130.32 152.49
178 126.99 88.38
179 119.18 5.41
180 15.82 79.76
181 43.63 48.76
182 194.37 44.01
183 31.51 20.79
184 139.97 176.37
185 44.42 112.88
186 6.51 160.75
187 1.27 14.86
188 80.79 179.37
189 103.33 58.18
190 185.81 33.8
191 14.31 40.62
192 190.9 27.66
193 42.28 40.58
194 197.08 68.57
195 19.44 70.43
196 195.39 87.52
197 84.37 32.4
198 25.46 131.22
199 156.67 89.94
200 28.69 50.17
201 115.7 114.76
202 125.5 119.64
203 196.85 160.7
204 14.89 27.38
205 21.92 13.97
206 178.16 83.0
207 105.64 65.21
208 149.95 170.69
209 14.79 61.56
210 105.56 62.64
211 127.23 140.89
212 101.18 89.52
213 31.65 135.52
214 34.38 196.03
215 13.97 87.91
216 128.61 185.53
217 97.37 98.66
218 61.46 70.86
219 144.69 48.98
220 106.41 167.45
221 113.21 70.99
222 120.13 76.06
223 39.1 186.86
224 11.84 75.2
225 70.85 17.22
226 74.88 183.65
227 198.5 157.52
228 153.37 117.16
229 6.15 195.94
230 63.2 175.32
231 151.94 92.38
232 1.87 179.23
233 184.04 139.15
234 171.56 58.02
235 2.45 195.69
236 116.1 113.78
237 152.42 185.0
238 76.52 48.54
239 115.62 60.55
240 171.36 115.51
241 87.62 51.99
242 157.55 86.61
243 22.88 1.05
244 134.99 102.25
245 113.86 193.88
246 59.49 110.87
247 56.55 28.13
248 185.5 12.87
249 126.67 26.68
250 107.0 71.45
251 96.45 94.11
252 3.4 158.62
253 102.83 117.06
254 33.62 193.63
255 75.42 54.53
256 148.6 129.96
257 132.88 187.06
258 23.98 182.45
259 57.71 67.6
260 31.52 2.4
261 16.68 163.4
262 166.19 191.18
263 152.42 81.68
264 41.98 41.6
265 168.97 167.08
266 5.76 120.33
267 171.55 18.16
268 100.95 161.97
269 81.56 73.47
270 22.48 43.69
271 189.52 170.52
272 177.39 18.14
273 180.92 167.82
274 8.45 39.73
275 11.55 89.29
276 159.0 4.1
277 28.14 127.64
278 1.04 120.47
279 112.58 47.63
280 111.58 117.81
281 90.5 176.84
282 96.68 170.27
283 142.78 135.67
284 60.53 153.91
285 150.12 49.17
286 120.81 153.98
287 32.9 160.01
288 65.71 102.8
289 103.03 17.46
290 22.07 191.19
291 191.03 64.47
292 139.94 46.27
293 154.58 50.94
294 96.3 75.74
295 178.71 46.93
296 112.98 88.47
297 179.69 172.07
298 111.59 84.51
299 180.84 189.04
300 11.08 101.07
301 149.19 76.73
302 11.52 156.53
303 11.69 154.93
304 82.65 155.16
305 188.24 38.16
306 34.19 130.61
307 98.51 45.34
308 138.16 131.48
309 107.95 1.72
310 167.85 107.12
311 52.75 95.9
312 161.83 128.32
313 86.06 8.99
314 185.96 150.9
315 7.0 175.67
316 46.35 196.0
317 164.34 13.79
318 33.23 41.56
319 196.38 2.88
320 181.78 186.5
321 36.62 27.22
322 160.96 76.49
323 184.88 175.34
324 55.39 2.02
325 185.61 149.42
326 58.79 74.41
327 86.48 13.3
328 77.42 21.29
329 74.87 191.38
330 112.1 79.02
331 24.86 15.24
332 1.84 24.09
333 192.84 14.4
334 147.62 73.95
335 45.63 74.5
336 33.79 74.0
337 95.44 44.13
338 184.82 40.73
339 68.25 12.71
340 77.99 35.61
341 54.24 131.08
342 23.02 141.83
343 169.09 150.26
344 43.43 93.67
345 14.97 139.06
346 6.01 163.44
347 81.5 183.8
348 184.2 20.76
349 36.37 171.31
350 101.7 41.14
351 69.76 137.67
352 105.08 157.73
353 167.45 176.67
354 62.35 150.26
355 150.66 122.81
356 25.82 129.36
357 107.79 97.11
358 25.04 141.36
359 152.7 160.35
360 142.84 123.78
361 44.87 61.68
362 3.95 167.33
363 199.63 89.5
364 165.74 150.49
365 70.01 124.13
366 147.21 178.65
367 58.07 19.45
368 139.69 167.87
369 111.22 185.9
370 181.28 54.69
371 171.49 51.54
372 2.17 150.46
373 95.55 61.42
374 94.2 108.85
375 87.09 112.01
376 125.01 198.17
377 61.02 88.38
378 150.48 46.73
379 167.21 88.12
380 24.37 176.64
381 111.66 159.35
382 144.83 69.8
383 172.6 14.0
384 91.98 187.57
385 71.11 173.47
386 51.04 160.71
387 88.05 52.84
388 159.47 180.51
389 88.57 12.95
390 106.15 147.29
391 157.39 61.38
392 28.22 31.04
393 92.87 64.3
394 82.48 50.9
395 139.83 159.86
396 48.74 97.37
397 5.87 2.96
398 32.62 51.47
399 159.4 1.91
400 155.27 92.19
401 157.36 83.27
402 66.71 27.81
403 120.05 115.05
404 118.77 59.99
405 146.94 15.21
406 160.06 150.59
407 170.85 87.62
408 179.73 10.18
409 198.74 131.78
410 128.55 1.55
411 79.89 180.83
412 184.62 48.85
413 163.12 171.69
414 21.59 104.33
415 136.39 126.09
416 80.39 127.62
417 154.94 48.54
418 100.15 166.33
419 49.29 111.93
420 24.08 163.67
421 162.28 75.6
422 139.71 165.47
423 198.55 192.26
424 100.93 6.36
425 141.33 60.41
426 148.28 32.66
427 182.92 136.26
428 124.42 46.18
429 77.44 198.84
430 162.86 30.88
431 153.99 19.23
432 161.5 187.31
433 188.81 107.68
434 59.71 66.5
435 45.29 16.32
436 23.26 99.42
437 32.1 143.62
438 187.13 96.57
439 34.35 103.92
440 39.69 159.97
441 153.18 185.48
442 169.79 142.64
443 159.69 130.24
444 26.53 35.98
445 183.66 123.26
446 69.36 160.17
447 63.08 30.9
448 52.48 90.99
449 78.18 116.92
450 140.44 84.63
451 129.55 7.7
452 150.52 64.8
453 24.12 134.05
454 72.74 84.55
455 1.49 102.94
456 76.97 185.55
457 162.53 42.05
458 121.55 173.66
459 134.16 43.86
460 41.69 11.65
461 147.63 59.68
462 15.76 70.44
463 31.2 60.96
464 191.84 17.78
465 110.75 124.44
466 104.19 172.7
467 181.42 168.47
468 162.87 124.52
469 136.61 181.41
470 195.0 183.33
471 9.8 137.98
472 2.24 163.21
473 19.04 25.23
474 145.14 192.12
475 147.27 192.67
476 142.1 181.59
477 3.22 29.18
478 33.49 193.45
479 105.6 22.67
480 125.99 151.33
481 156.46 163.85
482 103.04 94.86
483 119.1 180.54
484 185.71 118.91
485 124.77 70.83
486 58.93 132.72
487 10.8 138.17
488 134.81 143.5
489 135.02 61.7
490 57.21 181.69
491 51.53 81.28
492 125.93 107.98
493 168.44 175.7
494 12.47 102.14
495 11.66 182.61
496 168.05 16.45
497 86.15 59.37
498 73.06 23.89
499 20.01 144.56
500 53.93 119.91
501 160.75 101.04
502 126.12 29.61
503 65.47 169.72
504 16.51 134.27
505 186.2 130.52
506 76.32 181.06
507 91.28 31.89
508 164.77 43.41
509 163.23 54.89
510 183.33 109.21
511 40.12 9.99
512 177.16 108.96
513 91.49 118.58
514 34.02 133.7
515 101.6 57.05
516 97.93 71.85
517 149.09 165.87
518 118.7 27.93
519 5.4 79.78
520 40.46 99.46
521 34.93 31.81
522 62.22 39.91
523 37.97 4.2
524 125.71 102.38
525 12.55 153.26
526 34.49 115.31
527 141.76 51.78
528 93.6 142.69
529 28.27 15.04
530 103.07 54.81
531 181.73 196.81
532 196.62 155.72
533 67.76 32.48
534 54.89 171.05
535 88.44 57.49
536 152.75 96.81
537 75.01 88.04
538 163.35 76.88
539 66.55 161.51
540 34.02 153.24
541 140.06 19.51
542 132.87 166.37
543 172.79 179.74
544 195.45 20.95
545 107.3 171.49
546 7.18 100.87
547 176.54 28.79
548 33.15 38.42
549 165.35 116.44
550 61.65 97.71
551 117.89 97.86
552 108.23 8.34
553 170.71 44.36
554 19.61 156.84
555 93.63 138.79
556 130.2 94.18
557 188.81 94.9
558 150.48 52.34
559 129.1 145.93
560 190.85 120.85
561 133.82 193.9
562 165.33 194.67
563 173.63 159.67
564 12.34 9.09
565 107.16 53.5
566 41.26 179.73
567 143.91 122.93
568 134.81 48.84
569 8.11 17.12
570 75.4 46.31
571 191.76 153.34
572 181.7 9.46
573 182.39 48.75
574 40.25 11.33
575 4.58 19.0
576 189.66 97.13
577 72.76 93.23
578 29.82 3.67
579 177.34 10.24
580 155.0 51.5
581 159.76 61.67
582 158.2 31.88
583 110.85 192.5
584 50.19 19.42
585 97.43 189.5
586 117.1 176.37
587 86.38 184.65
588 22.11 194.73
589 30.56 58.68
590 119.59 119.46
591 54.75 105.13
592 64.32 42.51
593 131.96 93.69
594 34.13 181.8
595 122.1 168.46
596 26.51 86.42
597 76.91 142.51
598 56.52 112.68
599 5.31 193.25
600 52.51 33.74
601 191.74 163.15
602 161.33 13.44
603 17.66 6.14
604 135.39 147.13
605 140.16 181.29
606 90.55 2.63
607 18.61 76.33
608 156.56 190.44
609 161.69 120.79
610 126.49 184.05
611 170.8 4.03
612 114.6 31.77
613 82.99 138.0
614 183.84 158.94
615 77.03 142.0
616 2.37 139.5
617 24.0 62.6
618 151.59 40.23
619 17.65 144.52
620 104.84 55.73
621 87.87 131.33
622 25.91 112.07
623 180.11 9.89
624 165.48 64.95
625 81.17 97.75
626 163.05 152.01
627 47.57 87.2
628 198.07 120.78
629 113.44 166.95
630 96.57 106.37
631 33.28 120.34
632 97.51 122.59
633 111.28 2.58
634 11.07 25.88
635 123.47 159.7
636 53.48 162.07
637 110.56 40.3
638 87.17 19.17
639 149.32 43.46
640 15.42 160.11
641 90.14 123.26
642 151.57 48.81
643 54.08 59.38
644 94.88 189.68
645 97.52 146.63
646 84.56 185.63
647 177.67 153.67
648 105.05 164.93
649 155.6 29.18
650 104.9 88.97
651 46.55 26.77
652 34.72 16.41
653 68.61 168.57
654 131.03 12.72
655 152.26 5.49
656 137.86 100.84
657 112.89 58.43
658 54.4 54.73
659 103.08 48.89
660 34.44 12.44
661 167.53 183.26
662 41.29 109.81
663 177.02 111.58
664 192.67 29.54
665 159.98 57.51
666 158.76 160.89
667 163.02 17.16
668 199.43 145.19
669 30.53 20.09
670 60.45 169.73
671 83.63 188.24
672 67.08 133.57
673 142.68 96.14
674 125.08 118.38
675 170.71 118.61
676 60.32 86.27
677 187.23 156.49
678 91.78 151.74
679 135.36 8.39
680 33.33 25.6
681 1.47 103.03
682 74.67 41.77
683 121.4 98.83
684 1.87 184.2
685 189.56 95.57
686 186.31 130.79
687 148.94 97.88
688 12.72 165.19
689 140.39 57.18
690 99.99 127.6
691 163.75 25.8
692 85.62 95.94
693 175.39 43.6
694 128.75 153.27
695 28.59 115.53
696 96.39 197.63
697 70.41 34.17
698 186.99 115.48
699 38.97 126.1
700 77.7 194.58
701 184.79 75.99
702 153.33 73.16
703 60.04 98.73
704 81.78 26.03
705 135.51 175.42
706 127.94 60.71
707 194.02 21.94
708 30.83 167.6
709 104.88 146.57
710 131.74 142.12
711 124.46 159.36
712 54.66 175.65
713 156.3 105.95
714 39.94 12.86
715 40.63 118.3
716 62.97 10.55
717 10.81 50.31
718 144.4 51.56
719 178.5 92.09
720 86.24 22.38
721 30.7 116.22
722 167.51 97.62
723 84.99 1.71
724 58.18 170.56
725 142.0 4.03
726 143.84 58.72
727 156.94 106.7
728 140.28 164.4
729 12.86 124.15
730 38.64 70.22
731 196.18 193.99
732 91.52 34.01
733 53.85 156.41
734 1.9 64.46
735 99.44 127.95
736 102.82 130.29
737 161.44 28.02
738 140.79 144.23
739 46.42 182.33
740 31.31 188.27
741 186.55 171.07
742 131.82 128.0
743 73.89 70.14
744 20.35 1.11
745 91.91 183.48
746 161.05 19.25
747 78.97 157.24
748 78.41 167.47
749 169.28 99.28
750 187.94 193.09
751 93.8 180.65
752 31.49 176.25
753 66.53 12.27
754 59.84 102.29
755 109.5 153.19
756 63.58 141.76
757 134.96 65.21
758 80.66 137.99
759 191.24 191.1
760 99.01 144.05
761 76.05 161.51
762 190.57 64.11
763 163.0 152.42
764 13.86 100.08
765 54.4 187.46
766 196.17 197.52
767 159.36 186.71
768 131.56 94.06
769 194.41 140.19
770 4.99 189.78
771 35.36 15.12
772 140.23 155.72
773 192.66 92.0
774 105.49 162.9
775 69.49 138.79
776 110.78 163.82
777 83.44 94.42
778 147.76 2.88
779 24.39 192.81
780 48.99 62.52
781 167.8 159.46
782 74.27 102.12
783 68.94 96.4
784 89.87 151.18
785 165.0 174.75
786 66.5 84.19
787 101.12 37.63
788 153.08 175.15
789 82.34 177.51
790 27.89 25.92
791 194.75 35.03
792 143.48 21.99
793 179.0 44.48
794 174.79 107.54
795 19.89 82.02
796 134.63 143.05
797 5.7 75.97
798 16.39 37.95
799 118.13 50.97
800 61.14 112.06
801 196.8 161.87
802 80.3 71.26
803 64.79 102.02
804 112.68 142.16
805 102.58 152.13
806 162.42 190.67
807 140.0 117.19
808 59.39 110.39
809 183.31 187.58
810 59.96 157.37
811 24.57 12.02
812 16.69 95.49
813 114.36 106.85
814 85.41 183.1
815 139.06 155.85
816 142.55 184.97
817 182.73 96.64
818 83.36 168.24
819 78.71 74.61
820 173.08 17.3
821 23.69 163.29
822 68.42 183.71
823 18.15 123.42
824 25.38 54.24
825 71.82 53.36
826 174.77 166.4
827 82.89 145.45
828 169.78 121.83
829 27.44 194.94
830 42.24 5.65
831 36.47 96.63
832 78.5 101.28
833 18.08 82.64
834 78.09 5.67
835 22.68 191.95
836 99.35 121.24
837 156.56 45.5
838 66.1 83.99
839 77.19 68.85
840 52.52 15.56
841 98.11 181.15
842 84.32 127.56
843 153.67 15.15
844 23.58 1.24
845 6.07 80.44
846 118.38 198.4
847 11.87 79.45
848 22.5 168.12
849 79.02 52.68
850 18.92 44.32
851 12.44 52.82
852 116.51 139.67
853 160.38 21.39
854 51.37 30.94
855 122.22 26.6
856 150.74 1.25
857 124.67 50.4
858 176.92 3.93
859 6.47 169.67
860 98.64 130.16
861 153.47 163.74
862 11.92 8.05
863 61.6 135.3
864 89.21 174.32
865 38.55 11.12
866 24.82 192.47
867 185.75 184.76
868 28.1 101.46
869 69.2 22.85
870 59.42 75.9
871 188.37 146.44
872 161.94 2.99
873 154.62 176.03
874 39.79 132.92
875 124.95 100.21
876 132.12 125.57
877 182.66 2.55
878 110.64 169.68
879 120.09 160.89
880 150.36 66.9
881 89.98 118.86
882 36.73 99.82
883 87.76 58.24
884 50.02 121.12
885 33.98 32.65
886 158.78 168.37
887 161.07 107.42
888 78.59 175.13
889 4.95 25.5
890 38.04 3.92
891 118.94 67.13
892 75.32 130.86
893 51.96 107.28
894 114.14 5.46
895 44.97 97.46
896 31.4 57.66
897 29.72 192.31
898 140.36 130.84
899 132.35 144.51
900 67.95 95.1
901 116.26 116.19
902 116.05 104.25
903 73.85 89.19
904 41.89 158.02
905 86.1 38.25
906 68.49 139.64
907 175.35 4.06
908 21.31 174.4
909 140.4 129.05
910 151.88 115.68
911 154.56 146.03
912 10.39 46.6
913 177.08 113.27
914 26.86 141.18
915 160.44 145.13
916 173.67 103.48
917 117.84 194.16
918 30.79 72.97
919 179.79 182.61
920 75.49 50.68
921 106.51 30.8
922 153.64 68.11
923 95.83 72.9
924 138.82 84.67
925 169.17 94.08
926 174.78 6.28
927 150.01 159.35
928 188.08 35.2
929 97.7 119.58
930 48.47 171.53
931 107.08 165.84
932 26.86 199.96
933 190.27 109.96
934 30.49 89.13
935 48.99 32.62
936 110.65 26.3
937 83.83 135.27
938 31.99 87.29
939 65.54 118.48
940 88.36 151.16
941 15.97 14.63
942 70.74 28.2
943 68.65 106.93
944 103.1 90.01
945 44.32 7.63
946 170.57 98.7
947 132.59 26.28
948 174.98 22.32
949 176.36 199.68
950 68.24 1.36
951 107.05 146.37
952 174.86 182.14
953 175.42 99.77
954 151.23 191.9
955 102.47 39.5
956 26.36 177.22
957 41.83 111.35
958 4.26 15.96
959 196.99 145.45
960 52.62 98.62
961 193.66 2.71
962 49.18 147.99
963 55.15 159.24
964 149.11 116.18
965 100.49 17.26
966 124.37 68.72
967 162.39 24.93
968 84.24 23.05
969 99.12 33.51
970 167.71 127.33
971 2.79 127.41
972 182.39 159.09
973 160.94 7.71
974 43.47 83.91
975 15.18 196.76
976 54.81 68.75
977 139.95 111.31
978 156.39 70.57
979 186.5 195.23
980 191.47 164.54
981 51.19 182.05
982 33.4 158.41
983 6.02 89.7
984 170.85 188.43
985 93.0 71.29
986 185.19 177.22
987 89.45 66.81
988 76.76 129.52
989 158.45 169.67
990 55.13 82.35
991 113.21 43.18
992 112.79 196.67
993 46.42 30.08
994 159.52 104.97
995 65.57 106.96
996 11.5 88.41
997 137.01 11.27
998 167.66 171.92
999 138.87 142.5
1000 129.85 23.24
